6.704858664852694E-7 1.0007200254027584 
0.8515422353537546 -0.7726928752169983 
0.8233341869782906 -0.45761315448268175 
0.6523491400621192 -0.4574024105476183 
0.6185335175212529 -0.12587005923642314 
0.45329194525255767 -0.12344016831018892 
0.2581006884371696 0.2431231666570704 
0.4094392727141813 0.2412808241566484 
0.18245677079169254 0.669588467823434 
0.08309364622750942 0.6706833424275797 
0.6267910146323074 -0.25610445069667037 
0.24178106657054035 0.27588225888946927 
0.010568360879211924 0.8960243191204434 
0.2300845486878637 0.3348077148922972 
0.8405063480405588 -0.7193999802422911 
0.21808095990212356 0.4173140938324498 
0.2525088404864613 0.2499961751030731 
0.41983644338012077 0.10810779046484464 
0.8304628288783387 -0.5893252016403898 
0.43629970518949013 -0.05580562194506439 
0.21372109290043226 0.4492119716712945 
0.6219482126987245 -0.17383578844256536 
0.44073523274069637 -0.08495175120913695 
0.4314172280142409 -0.014992124516206014 
0.6234636274251941 -0.20747119499247768 
0.03714161670674804 0.7744933863162338 
0.6295901577858549 -0.2953911225181978 
0.053370615763533524 0.7282488980350604 
0.6260567084422498 -0.22302461464606518 
0.8287927182866572 -0.5611498758878894 
0.6340220239491924 -0.34806426177497235 
0.006114738184748336 0.9219693748169027 
0.427118116327283 0.025660682118112815 
0.4226884383626709 0.07476346076850701 
0.2370834149502032 0.2963883737997493 
0.8321221478803156 -0.6157550662765613 
0.22507431117569465 0.3673168196283724 
0.22097305714569332 0.39571910534864746 
0.838059496871823 -0.6863689917841346 
0.6322394030367134 -0.33030831670702127 
0.020019703439556114 0.8481957546117695 
0.41239067849909106 0.20275102852423532 
0.8334380044249059 -0.6352848354505699 
0.8350895560302702 -0.6573591255593686 
0.05594825078838117 0.7106107616608679 
0.6442485057683554 -0.43583087926939956 
0.04574374689870682 0.7559597886912559 
0.42380679036871105 0.06209737732856739 
0.8475403567815454 -0.7632116769646795 
0.41440490312796524 0.17607015867479242 
0.04575931349416135 0.7450621571052954 
0.015800254462439323 0.8699843897874758 
0.8263270126561951 -0.5164409982762965 
0.20705500959771733 0.5003731777792293 
0.640417926948609 -0.4054570374715636 
0.824521292030816 -0.48121825321250494 
0.026197838356720904 0.8200702461124701 
0.4459724554685856 -0.10917179733450964 
0.024244117215163508 0.8322735598828073 
0.0686775213596738 0.6863306558645573 
0.6302350982391881 -0.3052284780168246 
0.6363842038693036 -0.37616591321115933 
0.21289551146826025 0.4659462316986907 
0.4262066594484436 0.036163939942396466 
0.648385476119514 -0.4521404183262378 
0.638021447586599 -0.379921043573607 
0.6202610573949192 -0.15531375902994995 
0.8378941949412588 -0.6737718284977293 
0.4435811479926728 -0.09944231440443739 
0.41801637877999237 0.13062709021657248 
0.033929759636102175 0.787676522040975 
0.19031327401586895 0.6221995427621556 
0.030098999763183865 0.803442072971554 
0.8436434917108219 -0.7445260284950884 
0.18750394109039553 0.6404088069626259 
0.6195731278039129 -0.14173892569326027 
0.4117982795374199 0.21932574073374614 
0.00408866648587955 0.9368850935310523 
0.07591576368048347 0.6765311350389939 
0.016362823390064646 0.8655082982148707 
0.8275912371685163 -0.5398702619676091 
0.19613655968916777 0.5819012943848721 
0.23357532980520057 0.31437776779728993 
0.003003425571678736 0.946202666283778 
0.4522467143104907 -0.12241009422389046 
0.19332253181180967 0.601346799124087 
0.20152220867059406 0.5427199285454655 
0.223559289017836 0.3775914575341713 
0.20498378597069486 0.516274541100608 
0.19989022667810413 0.5628176320827766 
0.19954303702184872 0.5657259495336218 
0.41024882308661903 0.23083648984501565 
0.4152748516571857 0.16507344655580045 
2.0905256409063655E-4 0.9924539089428002 
0.061198658080120504 0.6963136756734255 
0.6415544732523434 -0.41890948308704634 
6.660590858711402E-4 0.9759140772498335 
0.0016264842394514076 0.9612749300731555 
0.43486210008184245 -0.03663179308477783 
0.2338458287675752 0.3129743654694454 
